%user%
%null%
SYSTEM
system
123456
abc123
xiaoming
12345678
iloveyou
admin
qq123456
taobao
root
wang1234
1111
111111
111222
112233
121212
123123
12345
123456789
1234567890
123abc
MANAGER
CHANGE_ON_INSTALL
internal
admin
administrator
sysadmin
test
user
0racle
oracle
gauss@123
gauss#123
bigdata@2012
bigdata_2013
8888
888888
1234
fgh@#$
qwe!@#
000000
<invalid>
<unknown>
6071992
199220706
0racl3
0racl38
0racl38i
0racl39
0racl39i
0racle8
0racle8i
0racle9
0racle9i
oracl3
oracle8
oracle8i
oracle9
oracle9i
198377
198395
19840315
19840523
19840617
1984412love
1985
19860911
1986115
19873136
1988
198oo3o6
1994412
1995
19970701
199771
19980221
199876
1998818
1999
19991120
199949
1999510
1999831
1a2s3d4f
1qazza
2000
20000101
200020
2000510
200081
200085
200088
200094
2000u571
20011
200291
2003
200438
200540
200795
2009
2010
201307
201314
2013142
201615
201633
201888
202145
202660
202775
203515
2050
2052040
206238
20731
2085038
2089
2100515
210117
2102089
2103
21072500
2108
210boy
211211
21127006
211314
21211417
212307
212322
21400
2144
214789
215052
215976
2160
216101
2163
2167
216709
217121
217758
21822
2186
218630
219711
219812
2200362
220737
22099
221197
221206
221217
221221
221251
2214
221722
222192
222222
22222222
22227509
2224884
222588
223005
223200
223223
22327
223344
223349
22339
223589
223616
2245910
2246868
225113
2253533
225477
2257995
2262
2262558
226500
2282662
228359
228588
2288
2289
22904600
229359
229376
230235
230711
230933
23103
23181615
232061
2323
2324079
2325597
234007
23417
234234
23454
23456
23506810
2355603
23572357
235756
237869
238888
239026
240000
2400333
2403334
2410
241325
243663
244517
245245
245401
2457450
2478664
24857602
248634
2489
24t1t101
25020
250417
251013
25118
251314
2525
253812
253839
258000
2582916
2585710
2587758
2589758
25910
26013
2607
2610
261027
261200
2613
2613064
2628
263668
264310
26433832
26499
264994
265333
267496
271250
271525
273433
2744360
275275275
2756
27929
2827788
2828561
2829
283300
285900ppp
2868835
2875
288126
2891915
289298
2906
2912921
292231
292344
29396
294003
29401
294919
295029
299001
3.10E+11
3.10E+14
3.14159
3.14E+12
3.20E+14
300034
30019
3015
301828
302534
3047357
306840
307668
3077
308115
308318
310107
310111
310113
310113084
310227
3106081
3108
311381
311922
312394
312402
3130
313131
313348
313726
3137278
3138375
3141
31415926
3147
3151815
315495
316105
316318
316984
3171536
317513
318017
318295
318300
31887
319108
319683
3202660
320402
3204211
320503821101oob
32103210
3211314
321300
321321
321420
32167
322167
3223283
322530
322785
3229683
323565
3241156
3242153
324286
3243067
3245064
3251093
325363
326067
326526
32767
328117
3297219
330203
330330
330476
330726
3310077
3312596
331807
332195
332211
332580
3333
33333
333333
333355
333520
33355555
333888
334130
3344520
335053
33521
3357
335778
335908
336009
3367
3367150
336888
337258
3377
338680
3388963
339575
3407
34073407
3408311
3423
34250359
342623
343434
3435265
343gat
3450381
34567
3457503
346900
350984
3521985
3523168
352354
3528088
3534119
354648
356381
357835
3584
360217
36041511
3610791
3613121
361800
3619
3625238
3654397
365799
368223
3687
369521
3697775
369791
3698209
3699
3699002
370624
371230
372011
372153
372228
3726
3727001
3731895
37324601
374373
376767
377227
3776
3780
3782450
3793933
379666
382135
382789
383838
383855
385510
385670
386502
38667
386753yy
388273
390000
3901698
39426
394576
39611327
398203
400214
401114
4017336
402313
402790
4029
403114
403705
40502
40705177
408806
409152
40917306
410303
410891
410901
4110428
411937
413504
414121
414324
414718
414812
417814
417857
418124
4196108
42214221
422422
424777
424888
425400
42577719
426426
4265
42677
4290
430111
430301
431122
431319
4321
43215678
433263
434000
4363770
436670zj
437351
439114
4401962
441202
441206
441507
44170
441925
4444
444444
4452542
448448
4489207
4497717
4501809
452091
54321
654321
911911
adgangskode
airoplane
akf7d98s2
apppassword
bar
cdemo83
clave
clerk
cloth
ctxsys
d_syspw
d_systpw
data
database
dbsnmp
dpfpass
ejsadmin_password
estore
fndpub
hobbes
instance
invalid
invalid password
jetspeed
laskjdf098ksdaf09
manag3r
mdsys
mmo3
mot_de_passe
mt6ch5
mtrpw
mts_password
mumblefratz
news
nneulpass
nsfocus123
oem_temp
olapdba
olapsys
oradbapass
ordplugins
ordsys
outln
paper
parol
pass
passwd
passwo1
passwo2
passwo3
passwo4
password
portal31
pub
qs_adm
qs_cb
qs_cbadm
qs_cs
qs_es
qs_os
qs_ws
rman
sampleatm
senha
sh
shelves
slidepw
snowman
steel
strat_passwd
super
supersecret
support
swordfish
sys
sys_stnt
sysadmin
syspass
systempass
tectec
thinsamplepw
tiger
tigger
trace
unknown
utlestat
vif_dev_pwd
vrr2
web
welcome
wksys
wood
xxx
yes
your_pass
zwerg