szoscar55
oscar55
oscar
sysdba
audit
database
admin123
654321
111111
111222
121212
112233
123123
123abc
321321
123
1234
12345
12345678
123456789
1234567890
000000
888888
admin
dbadmin
pass
passwd
system
sys
p@ssword
password
root
test
ceshi123
sysadmin
test1
test2
test123
user123
root123
passwd123
guest123
password123
super123
database123
support123
master123
aaaaaa
abc123
abcd1234
abcdef
abcdefg
abcdefgh
abcdefghi
iloveyou
qazwsx
qweasd
zzzzzz
data
internal
postgreadmin
super
support
master
52013
5201314
520hack
521
535039
584521
80sec
847381979
888999
96315001
981246
aiezu
air
angel
aoyunhui
asp
aspadmin
aspxadmin
axiao
baidu
baiduadmin
baidusb
Baike
oscar
exit
news
452301
4545
454978
4555
455934
456654
45676
456chen
457315
458158
458791
45986
461139
461461
461511
4623384
463108
4659385
4660503
4689335
47011
47138
4724136
473880
476408
477577
47840
47880624
479280
479424
481612
4888
4891400
489660
491111
495089
496111
496464
500607
5008
5013
5021
50245024
502835
503029
503860
504503
506385
50706862
5081
508509
508936
5098
51000777
51012674
5101325
510613
51098
511103
51123
5113
511789
511885
512120
512215
51275127
513671
51492775
51514
515149
515151
5151511
515376
5156104
516329
516441
516583
516885
5174841
517688
51777
5180
5182
5183
518517
518578
5188
51888
51930824
519758
51marry
51marry99
520066
5201am
520310
5203992
520428
520520
520530
520570
520616
520620
5208
52088
521*!#
52110893237
521258
522039
5223xc
52330
5236926
524524
5249
5251
525621
5266
5270
528345
52915859
5291953
52982121
530111
530527
530730
530806118
53082160
5310057
531127
5313343
531788
535161
535232
5366
5373575
537639123
538263
53999
54007
54118
541881452
54420301
5454594
54719589
54740442
54741162
54743063
54888
548888
5.49E+11
54tq
551102
551236
551688
552525
553600
553920
554327
5544
555111
555333
555555
5555555
55555555
555608
555888
5561
556444
556688
55724
557722
559104
55912148
5601178
56086945
56094492
56147882
56148488
562532
56327836
56402130
56409802
56413818
565120
56512197
565656
565921
56614293
56682126
56721439
56738955
56758040
5678
56787
56789
567890
567891234
56789668
56830993
56848719
56881323
569344
570207
570914
570922
5710195
571181
5712088
5722257
57631018
57666
5802768
5807836
58108243
58109747
58138281
5814
5814442
581525
5818983
582838
5829
5839
5841321
58434
58435738
58443091
58460532
585800
585858
58605860
58658
58745621
58814245
58868455
588688
58917702
589558
589797
59124309
59175528
59238841
59361265
5945
595832
5959
59922006
5995563
5r9wv3
600305
600600600
600601
600707
600839
6008675
600902
601001
601057
6014502
601543
6023500
6031231
604604
6055
6060
606179
6071312
608323
610000
6112008
611217
61131897
611425
6119268
612087
6121077
612211
6130
613136
6140
614819
615112
61515
615438
616161
616616
6171
618618
619203
6200126
620053
620390
620515
620609
6207
620828
62105762
621108
621119
621126
62118100
621220
621223
621515
621779
6218356
6224901
62254
6226286
6226405
622703
623018
62314577
623158
6234
62403334
62457262
625107
62531392
62540205
625625
62562629
62583433
626117
6262
6263328
626626
6267003
627125
627604
627687
6282005
6283398
62841914
629055
62956355
630105
630302
630428
630606
630720
63088625
63119
631205
631631631
6319795
6322
63235
6326
63277200
63292987
63297
63298836
634210
634424
634935
635417
63545920
63661726
63663376
63685269
63689995
63749032
6376
63772120
63873401
639600
640133
64045736
64046975
64051
640721
64080413
640827
641016
64104972
6413
64137799
64161988
64167357
64218
642358
64238297
64247972
642850
64307650
64308224
64309842
64336433
64336899
64369844
64386136
6441630
64524
64537268
64548065
645499
6464234
646843
647077
64738291
64749332
64759571
64775076
64796536
64812625
64867236
64879611
650201
650225
650305
6503056
650313
65036306
650701
650728
65079095
65081389
651103
651219
651356
65147602
6515
65174845
65180788
65226482
65238881
652452
652578
65267656
65283005
65311285
65398071
65427100
65489154
65499487
65499506
6550
65536198
65539362
65559375
65617387
6564
65706672
6571
657364
657417
65743097
658801
659823
660118
66024
660621
660626
660816
66105
661111
661221
66124
6618
661818
66310
663465
6645253
666131
666317
666327
666379
6666
66666
666666
666888
666987
667788
668291
6685687
670907
6712
671224
6714166
6716948
6741503
675167
677303
6775010
6775576
678880
67890
67898
679328
680115
68015802
6801607
680210
681030
681102
681108
681126
6812
68121
684311
6844
68509
68520
68630073
686311
687889
68923148
68924
68949
689689
690224
690226
690411
690508
690604
690805
690828
690930
691026
691105
691118
691218
691220
691229
691230
6962460
6988
6990
6bzcb
700301
7004
700512
700619
700712
700724
700727
700812
700922
701015
701016
701105
701122
701129
701206
70140
7016
7026652
70422
705814
709394
710106
710131
710214
710225
710412
710423
710524
7106
710609
71071500
710729
710808
710810
710905
710911
7110
711004
711008
711019
711030
711207
711229
7114
711685
711800
711824
712683
71317
713598
714287
714719
7154
715507
71580
715824
7160
717408
7177
719725
7198
7201
720128
720209
720216
720226
720308
720318
720325
720409
720420363
720421
720516331
720520
720521
720618
720623081
720628
720714
720726
720819
720826
721008
721011
721014
721019
721031
721108
721110
721114
721118
721121
721123
721127
72114
721208
7213714
72224
7225
72260
7251
725219
7258
725qin107